NAME	= Elev
DESCRIPTION	= 
UNIT	= 
DATAFORMAT	= FLOAT
DATAFILE_OFFSET	= 0
BYTEORDER_BIG	= FALSE
TOPTOBOTTOM	= FALSE
POSITION_XMIN	= 120.7572572560000026
POSITION_YMIN	= 14.0020150569999995
CELLCOUNT_X	= 332
CELLCOUNT_Y	= 333
CELLSIZE	= 0.0003000000000000
Z_FACTOR	= 1.000000
Z_OFFSET	= 0.000000
NODATA_VALUE	= -99999.000000;-99999.000000
