NAME	= Final 1
DESCRIPTION	= 
UNIT	= 
DATAFORMAT	= FLOAT
DATAFILE_OFFSET	= 0
BYTEORDER_BIG	= FALSE
TOPTOBOTTOM	= FALSE
POSITION_XMIN	= 120.7782331160000098
POSITION_YMIN	= 14.0405184700000003
CELLCOUNT_X	= 213
CELLCOUNT_Y	= 213
CELLSIZE	= 0.0001000000000000
Z_FACTOR	= 1.000000
Z_OFFSET	= 0.000000
NODATA_VALUE	= -99999.000000;-99999.000000
